Genetic Travelling Salesman Output

0 22 45 37 47 45 25 20 35 42 
22 0 33 15 36 20 31 15 34 35 
45 33 0 32 23 48 18 37 15 47 
37 15 32 0 30 36 14 28 42 12 
47 36 23 30 0 13 40 16 45 41 
45 20 48 36 13 0 34 47 14 36 
25 31 18 14 40 34 0 10 48 15 
20 15 37 28 16 47 10 0 24 13 
35 34 15 42 45 14 48 24 0 27 
42 35 47 12 41 36 15 13 27 0 

Best cycle: 
2 1 8 10 4 5 7 3 9 6 2 
Length: 204.0

0 34 47 40 44 17 86 71 78 45 72 74 45 95 32 50 29 36 90 90 
34 0 39 93 89 61 55 83 17 50 48 13 18 63 22 87 10 24 48 54 
47 39 0 28 77 92 68 26 44 96 17 97 90 77 41 32 25 28 45 83 
40 93 28 0 54 63 43 54 67 40 97 20 62 42 19 79 74 61 65 92 
44 89 77 54 0 48 94 86 34 32 79 96 27 55 80 29 60 57 42 44 
17 61 92 63 48 0 34 11 52 31 85 77 50 16 15 25 35 26 34 37 
86 55 68 43 94 34 0 53 48 75 19 53 88 60 70 43 31 75 92 75 
71 83 26 54 86 11 53 0 33 53 79 34 70 60 35 73 74 36 70 64 
78 17 44 67 34 52 48 33 0 67 20 98 22 61 34 35 12 51 75 45 
45 50 96 40 32 31 75 53 67 0 83 80 73 70 52 46 47 44 27 86 
72 48 17 97 79 85 19 79 20 83 0 36 79 85 83 27 28 37 32 77 
74 13 97 20 96 77 53 34 98 80 36 0 66 74 24 54 44 18 17 60 
45 18 90 62 27 50 88 70 22 73 79 66 0 88 52 72 70 66 80 26 
95 63 77 42 55 16 60 60 61 70 85 74 88 0 22 64 66 53 54 59 
32 22 41 19 80 15 70 35 34 52 83 24 52 22 0 35 21 42 74 18 
50 87 32 79 29 25 43 73 35 46 27 54 72 64 35 0 24 11 83 54 
29 10 25 74 60 35 31 74 12 47 28 44 70 66 21 24 0 39 65 25 
36 24 28 61 57 26 75 36 51 44 37 18 66 53 42 11 39 0 17 59 
90 48 45 65 42 34 92 70 75 27 32 17 80 54 74 83 65 17 0 49 
90 54 83 92 44 37 75 64 45 86 77 60 26 59 18 54 25 59 49 0 

Best cycle: 
1 18 12 19 4 14 8 3 5 10 15 17 20 11 7 6 13 2 9 16 1 
Length: 771.0
